# installers:
```bash
pyinstaller face-profile.spec
pyinstaller face-compare.spec

sudo tar -cvzf - faceprofile | split -b 40M - "profile.tar.gz.part"
sudo tar -cvzf - facecompare | split -b 40M - "compare.tar.gz.part"

cp compare.tar.gz.parta* ~/projects/entermediadb-docker/tomcat/binaries/compare/
cp profile.tar.gz.parta* ~/projects/entermediadb-docker/tomcat/binaries/profile/
```

# tests
Check 'tests' folder for more
## face-profile.py
### exec
```sh
python3 face-profile.py
```
### get picture profiles
profile/group/5ppl-1.jpg
### get folder profiles
profile/group

## face-compare.py
### execute:
```bash
python3 face-compare.py
```
### many to many
send
```json
{"picture":[[-0.0927492082118988,0.05477423965930939,0.07864290475845337,-0.11372501403093338,-0.12767083942890167,-0.0017335889860987663,-0.0233160387724638,-0.09725375473499298,0.2094271034002304,-0.08471306413412094,0.13981522619724274,-0.025164727121591568,-0.2056315839290619,0.06413700431585312,-0.13814711570739746,0.15021325647830963,-0.1702754944562912,-0.2407585084438324,-0.02614520862698555,-0.018638918176293373,0.04906996339559555,0.01155026163905859,0.010194685310125351,0.11714950203895569,-0.09266278892755508,-0.3312792181968689,-0.06322862952947617,-0.07899703830480576,-0.07975685596466064,-0.12219496071338654,-0.028307609260082245,0.16040368378162384,-0.16871832311153412,-0.011259162798523903,0.020642533898353577,0.07156306505203247,0.017662428319454193,-0.06536193937063217,0.19283059239387512,0.061711110174655914,-0.24277830123901367,0.027177713811397552,0.12234804034233093,0.3167591989040375,0.3140627443790436,0.03714403510093689,0.020082635805010796,-0.0480075366795063,0.0878317654132843,-0.3740127980709076,0.06752724945545197,0.20183537900447845,0.1269180178642273,0.05905139446258545,0.02015729621052742,-0.1683918982744217,-0.02523363009095192,0.05750848352909088,-0.16154441237449646,0.10754866153001785,0.06406179815530777,-0.1075611561536789,0.07532678544521332,-0.06328177452087402,0.2540772557258606,0.1756499707698822,-0.11214939504861832,-0.11240725219249725,0.17322981357574463,-0.20815818011760712,-0.1640145480632782,-0.04385455697774887,-0.18183833360671997,-0.17857998609542847,-0.2675554156303406,-0.03606506809592247,0.36834248900413513,0.179066464304924,-0.11851602792739868,0.15439200401306152,-0.1496463268995285,0.015247039496898651,-0.0876399502158165,0.11234980076551437,-0.07157012820243835,0.030679935589432716,-0.05683627352118492,0.016152331605553627,0.2830021381378174,0.002712043933570385,-0.06259810924530029,0.23311999440193176,-0.045229919254779816,-0.043837692588567734,0.05232490971684456,0.05751510336995125,-0.0440206453204155,0.0019245236180722713,-0.2049848884344101,-0.033981598913669586,-0.1546371877193451,-0.047359880059957504,0.022528283298015594,0.12766395509243011,-0.29735320806503296,0.12439069151878357,-0.08804976940155029,-0.03173191100358963,-0.0864020586013794,0.022866683080792427,-0.054355040192604065,0.007230150513350964,0.152579665184021,-0.23914161324501038,0.2129027545452118,0.19905361533164978,0.10841655731201172,0.17140260338783264,0.06043987721204758,0.04425607994198799,0.07599031180143356,-0.029938671737909317,-0.07819239050149918,-0.06674466282129288,0.048270516097545624,0.008248478174209595,0.0734146386384964,0.14835374057292938],[-0.16466732323169708,0.09384074062108994,0.08877251297235489,-0.0789463222026825,-0.12987688183784485,-0.056932561099529266,-0.024479396641254425,-0.1421407014131546,0.1687721163034439,-0.02097194828093052,0.08815907686948776,-0.05332924798130989,-0.15901662409305573,0.0009539809543639421,-0.1607334166765213,0.10119100660085678,-0.2728554606437683,-0.1734497845172882,0.01030096784234047,-0.03806009143590927,0.09857510030269623,0.06402436643838882,0.06082114949822426,0.06470976024866104,-0.11753388494253159,-0.3804440200328827,-0.04930441826581955,-0.05453856289386749,0.0666375681757927,-0.0826367661356926,0.011808166280388832,0.11958271265029907,-0.2344021052122116,-0.01351754181087017,0.009217356331646442,0.09437485039234161,-0.039359431713819504,-0.14989891648292542,0.160835400223732,0.007580466568470001,-0.17041347920894623,-0.05288255214691162,0.08425974100828171,0.26404714584350586,0.26697540283203125,0.035476259887218475,0.008591926656663418,-0.09283196926116943,0.09238189458847046,-0.31938689947128296,0.0012010261416435242,0.21743595600128174,-0.056517697870731354,0.05924926698207855,0.06415730714797974,-0.1975572109222412,-0.0653488039970398,0.05875544995069504,-0.19709862768650055,0.11694255471229553,-0.05250350758433342,-0.07876048237085342,0.03937160223722458,-0.16072328388690948,0.12845736742019653,0.13076619803905487,-0.06812703609466553,-0.16678078472614288,0.24814337491989136,-0.24903292953968048,-0.09375632554292679,0.026641324162483215,-0.0679071843624115,-0.22746038436889648,-0.2549234926700592,-0.0846555158495903,0.30337703227996826,0.20439183712005615,-0.11279422044754028,0.061145979911088943,-0.08504314720630646,-0.07015044242143631,-0.012856884859502316,0.14305107295513153,0.0066358428448438644,0.04466555267572403,-0.09617704898118973,-0.008978554047644138,0.24912871420383453,-0.007949477061629295,-0.09212516248226166,0.26921960711479187,-0.024291079491376877,-0.05371403694152832,0.03149941563606262,0.06652778387069702,-0.13995660841464996,0.0586395300924778,-0.22492742538452148,-0.05664088949561119,-0.046787045896053314,-0.05337096378207207,-0.02758953347802162,0.17038650810718536,-0.1415605992078781,0.12822316586971283,-0.025339936837553978,-0.0662694051861763,-0.11637315154075623,-0.10463102906942368,-0.09873059391975403,0.0025195088237524033,0.17043013870716095,-0.23116804659366608,0.26426243782043457,0.23891276121139526,0.08269492536783218,0.24854904413223267,0.01915576681494713,0.03452659398317337,0.07492004334926605,-0.054911259561777115,-0.06341700255870819,-0.0984269380569458,-0.030274461954832077,-0.013713475316762924,-0.03204343467950821,0.0883755162358284],[-0.12531189620494843,0.14287981390953064,0.12195169180631638,-0.05580482631921768,-0.07878050208091736,-0.01857057586312294,-0.062228232622146606,-0.07083671540021896,0.11967583745718002,-0.09694135934114456,0.2106321007013321,-0.037567511200904846,-0.2648516893386841,-0.10440951585769653,0.05071152746677399,0.06965463608503342,-0.07487406581640244,-0.13394108414649963,-0.01698972098529339,-0.0728955864906311,0.0497630350291729,0.03659127652645111,0.027563881129026413,0.064191073179245,-0.1092974841594696,-0.4118999242782593,-0.09671704471111298,-0.026991376653313637,0.014788023196160793,-0.11335542798042297,-0.02145262435078621,0.09343506395816803,-0.17622701823711395,-0.06858378648757935,0.02850755676627159,0.14988110959529877,-0.03957820683717728,-0.02097325399518013,0.19033484160900116,-0.027675367891788483,-0.1538623422384262,-0.004634896758943796,0.09282056987285614,0.22744545340538025,0.18884845077991486,0.08827239274978638,0.024181239306926727,0.025693200528621674,0.17353485524654388,-0.2103406935930252,0.145514115691185,0.12062185257673264,0.14648015797138214,0.07473074644804001,0.16483187675476074,-0.1790027767419815,-0.05353669077157974,0.09615445137023926,-0.16025404632091522,0.09327146410942078,-0.002573469653725624,-0.0973505973815918,-0.0329158678650856,-0.0323617123067379,0.12973536550998688,0.0864386335015297,-0.05906280130147934,-0.20572109520435333,0.16123726963996887,-0.14726828038692474,-0.046225469559431076,0.21123731136322021,-0.0709272176027298,-0.13995899260044098,-0.15282344818115234,0.13004720211029053,0.3212883472442627,0.13996046781539917,-0.16046185791492462,-0.0027582431212067604,0.015926195308566093,-0.11295851320028305,0.009955656714737415,-0.010248992592096329,-0.04882773756980896,0.001222759485244751,-0.12715482711791992,0.031276047229766846,0.22165705263614655,0.056478649377822876,-0.0852203369140625,0.2632681131362915,-0.009994830936193466,0.10130787640810013,0.06609304249286652,0.06180433928966522,-0.11766887456178665,0.041366081684827805,-0.18018150329589844,-0.07767744362354279,0.1427869349718094,-0.09650176763534546,-0.06114957854151726,0.035124849528074265,-0.16987159848213196,0.17232631146907806,-0.05916106700897217,0.04538659006357193,-0.06682375818490982,0.017842547968029976,-0.19780460000038147,0.06610585749149323,0.1551443487405777,-0.30316510796546936,0.22003862261772156,0.10643663257360458,0.009239191189408302,0.13207276165485382,0.11040090024471283,-0.003509889356791973,0.13086287677288055,-0.14326965808868408,-0.09391602873802185,-0.1791277527809143,0.12092403322458267,-0.01849818043410778,0.08528868854045868,0.03614982217550278],[-0.17697939276695251,0.1577439159154892,0.08072562515735626,-0.06263233721256256,-0.17463088035583496,-0.05444922298192978,-0.009559271857142448,-0.066291444003582,0.1140827015042305,0.02522917650640011,0.28219103813171387,0.01713177189230919,-0.2671416997909546,-0.038571737706661224,-0.05813195928931236,0.10112503916025162,-0.040194347500801086,-0.13658246397972107,-0.0775114893913269,-0.014870565384626389,0.04117581993341446,0.047209955751895905,0.05991137772798538,0.1331171691417694,-0.10702945291996002,-0.3498055040836334,-0.10148327052593231,-0.061668455600738525,0.06382187455892563,-0.10709375888109207,-0.03840690106153488,0.004989289212971926,-0.17693956196308136,-0.12986642122268677,0.017346277832984924,0.07953029870986938,-0.04360136017203331,-0.12637649476528168,0.30439892411231995,0.04527914151549339,-0.13461340963840485,0.016629746183753014,0.10459606349468231,0.32770806550979614,0.16852949559688568,-0.018123719841241837,0.15129630267620087,-0.0027424506843090057,0.1306612491607666,-0.22746162116527557,0.13728803396224976,0.08334022760391235,0.2596612572669983,0.026732148602604866,0.09391328692436218,-0.19142280519008636,-0.05279763787984848,0.21196314692497253,-0.23574063181877136,0.18155236542224884,0.08742021769285202,-0.02071896754205227,-0.07936926931142807,-0.14411011338233948,0.19234678149223328,0.1965164989233017,-0.11346506327390671,-0.2014770209789276,0.17699840664863586,-0.18821817636489868,-0.05336127057671547,0.13304255902767181,-0.11917515099048615,-0.11651348322629929,-0.24470745027065277,0.09092848002910614,0.3205115795135498,0.18341469764709473,-0.20058542490005493,-0.09390325844287872,-0.027911297976970673,0.0013119382783770561,-0.036576032638549805,0.0005907191662117839,-0.10083664953708649,-0.02893378585577011,-0.16583943367004395,-0.006007472053170204,0.19606643915176392,0.08362645655870438,-0.05094662681221962,0.25709545612335205,0.08564051985740662,0.038519807159900665,0.055419377982616425,0.09020815789699554,-0.15234218537807465,-0.009357769042253494,-0.07676417380571365,0.1018117368221283,-0.04701295495033264,-0.12487320601940155,0.03877786919474602,0.0774075910449028,-0.11058244109153748,0.0939432755112648,-0.10619550943374634,0.04868627339601517,-0.0843842625617981,0.04506068676710129,-0.14976157248020172,-0.049022674560546875,0.13659091293811798,-0.23344558477401733,0.15732327103614807,0.09999063611030579,-0.03833196312189102,0.07961916923522949,0.08336097002029419,0.08432652056217194,0.0428474098443985,0.0011911671608686447,-0.1091502383351326,-0.10332877933979034,0.02978616952896118,-0.12948524951934814,0.09707135707139969,0.08099706470966339],[-0.06766023486852646,0.03466356173157692,0.04956395924091339,-0.05286898463964462,-0.08095452934503555,-0.025014381855726242,0.050291597843170166,-0.0622723251581192,0.09855800867080688,0.06681015342473984,0.10807003080844879,0.07946855574846268,-0.22871172428131104,-0.0733141377568245,0.015230292454361916,0.012071222066879272,-0.0854540765285492,-0.07073523849248886,-0.05996490269899368,-0.040673162788152695,0.05685504525899887,0.08085871487855911,0.029029937461018562,0.048275940120220184,-0.11797413229942322,-0.21795302629470825,-0.10236548632383347,-0.09666059911251068,-0.017702963203191757,-0.0954667255282402,0.013670752756297588,0.07650401443243027,-0.13390138745307922,-0.05965092405676842,0.080579973757267,0.07331582903862,-0.10131784528493881,-0.039227429777383804,0.18115045130252838,-0.038149576634168625,-0.09074598550796509,-0.07509367167949677,0.11545393615961075,0.29436808824539185,0.214522585272789,-0.016257354989647865,-0.013633962720632553,0.06664549559354782,0.1047358363866806,-0.2640238106250763,-0.04364500194787979,0.11588083952665329,0.1878659874200821,0.08121426403522491,0.09416528791189194,-0.1471741944551468,0.09885948896408081,0.1344289481639862,-0.27309781312942505,0.09906025230884552,-0.051600128412246704,-0.23559892177581787,-0.04025134816765785,0.03928360715508461,0.1878427267074585,0.029795126989483833,-0.13204531371593475,-0.10053055733442307,0.10188813507556915,-0.1721043586730957,-0.015945348888635635,0.1105947494506836,-0.14129585027694702,-0.2128296196460724,-0.23377087712287903,0.04092246666550636,0.3662140965461731,0.15607117116451263,-0.22324393689632416,0.00906684435904026,-0.03532520681619644,0.006034073885530233,0.044756535440683365,0.027890644967556,-0.0944165587425232,-0.005465703085064888,-0.18919749557971954,0.054367292672395706,0.1503172665834427,-0.06472869217395782,-0.026101546362042427,0.1624227613210678,0.056367844343185425,0.025108739733695984,0.04494469240307808,0.02977309748530388,-0.05327507108449936,-0.007019191514700651,-0.15500010550022125,0.04353097081184387,0.024333402514457703,-0.13411778211593628,0.04010302945971489,0.12141113728284836,-0.11868685483932495,0.1292160600423813,0.03193141520023346,-0.10229333490133286,-0.12095476686954498,-0.12044519186019897,-0.12247025966644287,-0.009430834092199802,0.1326654851436615,-0.28562259674072266,0.1857159435749054,0.17782890796661377,-0.04405970871448517,0.13986624777317047,-0.07081196457147598,0.0067551108077168465,-0.020172126591205597,-0.035846345126628876,-0.051725562661886215,-0.07132824510335922,0.0660577118396759,-0.045060817152261734,0.06438248604536057,-0.04216896370053291]],"profile":[[-0.0927492082118988,0.05477423965930939,0.07864290475845337,-0.11372501403093338,-0.12767083942890167,-0.0017335889860987663,-0.0233160387724638,-0.09725375473499298,0.2094271034002304,-0.08471306413412094,0.13981522619724274,-0.025164727121591568,-0.2056315839290619,0.06413700431585312,-0.13814711570739746,0.15021325647830963,-0.1702754944562912,-0.2407585084438324,-0.02614520862698555,-0.018638918176293373,0.04906996339559555,0.01155026163905859,0.010194685310125351,0.11714950203895569,-0.09266278892755508,-0.3312792181968689,-0.06322862952947617,-0.07899703830480576,-0.07975685596466064,-0.12219496071338654,-0.028307609260082245,0.16040368378162384,-0.16871832311153412,-0.011259162798523903,0.020642533898353577,0.07156306505203247,0.017662428319454193,-0.06536193937063217,0.19283059239387512,0.061711110174655914,-0.24277830123901367,0.027177713811397552,0.12234804034233093,0.3167591989040375,0.3140627443790436,0.03714403510093689,0.020082635805010796,-0.0480075366795063,0.0878317654132843,-0.3740127980709076,0.06752724945545197,0.20183537900447845,0.1269180178642273,0.05905139446258545,0.02015729621052742,-0.1683918982744217,-0.02523363009095192,0.05750848352909088,-0.16154441237449646,0.10754866153001785,0.06406179815530777,-0.1075611561536789,0.07532678544521332,-0.06328177452087402,0.2540772557258606,0.1756499707698822,-0.11214939504861832,-0.11240725219249725,0.17322981357574463,-0.20815818011760712,-0.1640145480632782,-0.04385455697774887,-0.18183833360671997,-0.17857998609542847,-0.2675554156303406,-0.03606506809592247,0.36834248900413513,0.179066464304924,-0.11851602792739868,0.15439200401306152,-0.1496463268995285,0.015247039496898651,-0.0876399502158165,0.11234980076551437,-0.07157012820243835,0.030679935589432716,-0.05683627352118492,0.016152331605553627,0.2830021381378174,0.002712043933570385,-0.06259810924530029,0.23311999440193176,-0.045229919254779816,-0.043837692588567734,0.05232490971684456,0.05751510336995125,-0.0440206453204155,0.0019245236180722713,-0.2049848884344101,-0.033981598913669586,-0.1546371877193451,-0.047359880059957504,0.022528283298015594,0.12766395509243011,-0.29735320806503296,0.12439069151878357,-0.08804976940155029,-0.03173191100358963,-0.0864020586013794,0.022866683080792427,-0.054355040192604065,0.007230150513350964,0.152579665184021,-0.23914161324501038,0.2129027545452118,0.19905361533164978,0.10841655731201172,0.17140260338783264,0.06043987721204758,0.04425607994198799,0.07599031180143356,-0.029938671737909317,-0.07819239050149918,-0.06674466282129288,0.048270516097545624,0.008248478174209595,0.0734146386384964,0.14835374057292938],[-0.16466732323169708,0.09384074062108994,0.08877251297235489,-0.0789463222026825,-0.12987688183784485,-0.056932561099529266,-0.024479396641254425,-0.1421407014131546,0.1687721163034439,-0.02097194828093052,0.08815907686948776,-0.05332924798130989,-0.15901662409305573,0.0009539809543639421,-0.1607334166765213,0.10119100660085678,-0.2728554606437683,-0.1734497845172882,0.01030096784234047,-0.03806009143590927,0.09857510030269623,0.06402436643838882,0.06082114949822426,0.06470976024866104,-0.11753388494253159,-0.3804440200328827,-0.04930441826581955,-0.05453856289386749,0.0666375681757927,-0.0826367661356926,0.011808166280388832,0.11958271265029907,-0.2344021052122116,-0.01351754181087017,0.009217356331646442,0.09437485039234161,-0.039359431713819504,-0.14989891648292542,0.160835400223732,0.007580466568470001,-0.17041347920894623,-0.05288255214691162,0.08425974100828171,0.26404714584350586,0.26697540283203125,0.035476259887218475,0.008591926656663418,-0.09283196926116943,0.09238189458847046,-0.31938689947128296,0.0012010261416435242,0.21743595600128174,-0.056517697870731354,0.05924926698207855,0.06415730714797974,-0.1975572109222412,-0.0653488039970398,0.05875544995069504,-0.19709862768650055,0.11694255471229553,-0.05250350758433342,-0.07876048237085342,0.03937160223722458,-0.16072328388690948,0.12845736742019653,0.13076619803905487,-0.06812703609466553,-0.16678078472614288,0.24814337491989136,-0.24903292953968048,-0.09375632554292679,0.026641324162483215,-0.0679071843624115,-0.22746038436889648,-0.2549234926700592,-0.0846555158495903,0.30337703227996826,0.20439183712005615,-0.11279422044754028,0.061145979911088943,-0.08504314720630646,-0.07015044242143631,-0.012856884859502316,0.14305107295513153,0.0066358428448438644,0.04466555267572403,-0.09617704898118973,-0.008978554047644138,0.24912871420383453,-0.007949477061629295,-0.09212516248226166,0.26921960711479187,-0.024291079491376877,-0.05371403694152832,0.03149941563606262,0.06652778387069702,-0.13995660841464996,0.0586395300924778,-0.22492742538452148,-0.05664088949561119,-0.046787045896053314,-0.05337096378207207,-0.02758953347802162,0.17038650810718536,-0.1415605992078781,0.12822316586971283,-0.025339936837553978,-0.0662694051861763,-0.11637315154075623,-0.10463102906942368,-0.09873059391975403,0.0025195088237524033,0.17043013870716095,-0.23116804659366608,0.26426243782043457,0.23891276121139526,0.08269492536783218,0.24854904413223267,0.01915576681494713,0.03452659398317337,0.07492004334926605,-0.054911259561777115,-0.06341700255870819,-0.0984269380569458,-0.030274461954832077,-0.013713475316762924,-0.03204343467950821,0.0883755162358284],[-0.12531189620494843,0.14287981390953064,0.12195169180631638,-0.05580482631921768,-0.07878050208091736,-0.01857057586312294,-0.062228232622146606,-0.07083671540021896,0.11967583745718002,-0.09694135934114456,0.2106321007013321,-0.037567511200904846,-0.2648516893386841,-0.10440951585769653,0.05071152746677399,0.06965463608503342,-0.07487406581640244,-0.13394108414649963,-0.01698972098529339,-0.0728955864906311,0.0497630350291729,0.03659127652645111,0.027563881129026413,0.064191073179245,-0.1092974841594696,-0.4118999242782593,-0.09671704471111298,-0.026991376653313637,0.014788023196160793,-0.11335542798042297,-0.02145262435078621,0.09343506395816803,-0.17622701823711395,-0.06858378648757935,0.02850755676627159,0.14988110959529877,-0.03957820683717728,-0.02097325399518013,0.19033484160900116,-0.027675367891788483,-0.1538623422384262,-0.004634896758943796,0.09282056987285614,0.22744545340538025,0.18884845077991486,0.08827239274978638,0.024181239306926727,0.025693200528621674,0.17353485524654388,-0.2103406935930252,0.145514115691185,0.12062185257673264,0.14648015797138214,0.07473074644804001,0.16483187675476074,-0.1790027767419815,-0.05353669077157974,0.09615445137023926,-0.16025404632091522,0.09327146410942078,-0.002573469653725624,-0.0973505973815918,-0.0329158678650856,-0.0323617123067379,0.12973536550998688,0.0864386335015297,-0.05906280130147934,-0.20572109520435333,0.16123726963996887,-0.14726828038692474,-0.046225469559431076,0.21123731136322021,-0.0709272176027298,-0.13995899260044098,-0.15282344818115234,0.13004720211029053,0.3212883472442627,0.13996046781539917,-0.16046185791492462,-0.0027582431212067604,0.015926195308566093,-0.11295851320028305,0.009955656714737415,-0.010248992592096329,-0.04882773756980896,0.001222759485244751,-0.12715482711791992,0.031276047229766846,0.22165705263614655,0.056478649377822876,-0.0852203369140625,0.2632681131362915,-0.009994830936193466,0.10130787640810013,0.06609304249286652,0.06180433928966522,-0.11766887456178665,0.041366081684827805,-0.18018150329589844,-0.07767744362354279,0.1427869349718094,-0.09650176763534546,-0.06114957854151726,0.035124849528074265,-0.16987159848213196,0.17232631146907806,-0.05916106700897217,0.04538659006357193,-0.06682375818490982,0.017842547968029976,-0.19780460000038147,0.06610585749149323,0.1551443487405777,-0.30316510796546936,0.22003862261772156,0.10643663257360458,0.009239191189408302,0.13207276165485382,0.11040090024471283,-0.003509889356791973,0.13086287677288055,-0.14326965808868408,-0.09391602873802185,-0.1791277527809143,0.12092403322458267,-0.01849818043410778,0.08528868854045868,0.03614982217550278],[-0.17697939276695251,0.1577439159154892,0.08072562515735626,-0.06263233721256256,-0.17463088035583496,-0.05444922298192978,-0.009559271857142448,-0.066291444003582,0.1140827015042305,0.02522917650640011,0.28219103813171387,0.01713177189230919,-0.2671416997909546,-0.038571737706661224,-0.05813195928931236,0.10112503916025162,-0.040194347500801086,-0.13658246397972107,-0.0775114893913269,-0.014870565384626389,0.04117581993341446,0.047209955751895905,0.05991137772798538,0.1331171691417694,-0.10702945291996002,-0.3498055040836334,-0.10148327052593231,-0.061668455600738525,0.06382187455892563,-0.10709375888109207,-0.03840690106153488,0.004989289212971926,-0.17693956196308136,-0.12986642122268677,0.017346277832984924,0.07953029870986938,-0.04360136017203331,-0.12637649476528168,0.30439892411231995,0.04527914151549339,-0.13461340963840485,0.016629746183753014,0.10459606349468231,0.32770806550979614,0.16852949559688568,-0.018123719841241837,0.15129630267620087,-0.0027424506843090057,0.1306612491607666,-0.22746162116527557,0.13728803396224976,0.08334022760391235,0.2596612572669983,0.026732148602604866,0.09391328692436218,-0.19142280519008636,-0.05279763787984848,0.21196314692497253,-0.23574063181877136,0.18155236542224884,0.08742021769285202,-0.02071896754205227,-0.07936926931142807,-0.14411011338233948,0.19234678149223328,0.1965164989233017,-0.11346506327390671,-0.2014770209789276,0.17699840664863586,-0.18821817636489868,-0.05336127057671547,0.13304255902767181,-0.11917515099048615,-0.11651348322629929,-0.24470745027065277,0.09092848002910614,0.3205115795135498,0.18341469764709473,-0.20058542490005493,-0.09390325844287872,-0.027911297976970673,0.0013119382783770561,-0.036576032638549805,0.0005907191662117839,-0.10083664953708649,-0.02893378585577011,-0.16583943367004395,-0.006007472053170204,0.19606643915176392,0.08362645655870438,-0.05094662681221962,0.25709545612335205,0.08564051985740662,0.038519807159900665,0.055419377982616425,0.09020815789699554,-0.15234218537807465,-0.009357769042253494,-0.07676417380571365,0.1018117368221283,-0.04701295495033264,-0.12487320601940155,0.03877786919474602,0.0774075910449028,-0.11058244109153748,0.0939432755112648,-0.10619550943374634,0.04868627339601517,-0.0843842625617981,0.04506068676710129,-0.14976157248020172,-0.049022674560546875,0.13659091293811798,-0.23344558477401733,0.15732327103614807,0.09999063611030579,-0.03833196312189102,0.07961916923522949,0.08336097002029419,0.08432652056217194,0.0428474098443985,0.0011911671608686447,-0.1091502383351326,-0.10332877933979034,0.02978616952896118,-0.12948524951934814,0.09707135707139969,0.08099706470966339],[-0.06766023486852646,0.03466356173157692,0.04956395924091339,-0.05286898463964462,-0.08095452934503555,-0.025014381855726242,0.050291597843170166,-0.0622723251581192,0.09855800867080688,0.06681015342473984,0.10807003080844879,0.07946855574846268,-0.22871172428131104,-0.0733141377568245,0.015230292454361916,0.012071222066879272,-0.0854540765285492,-0.07073523849248886,-0.05996490269899368,-0.040673162788152695,0.05685504525899887,0.08085871487855911,0.029029937461018562,0.048275940120220184,-0.11797413229942322,-0.21795302629470825,-0.10236548632383347,-0.09666059911251068,-0.017702963203191757,-0.0954667255282402,0.013670752756297588,0.07650401443243027,-0.13390138745307922,-0.05965092405676842,0.080579973757267,0.07331582903862,-0.10131784528493881,-0.039227429777383804,0.18115045130252838,-0.038149576634168625,-0.09074598550796509,-0.07509367167949677,0.11545393615961075,0.29436808824539185,0.214522585272789,-0.016257354989647865,-0.013633962720632553,0.06664549559354782,0.1047358363866806,-0.2640238106250763,-0.04364500194787979,0.11588083952665329,0.1878659874200821,0.08121426403522491,0.09416528791189194,-0.1471741944551468,0.09885948896408081,0.1344289481639862,-0.27309781312942505,0.09906025230884552,-0.051600128412246704,-0.23559892177581787,-0.04025134816765785,0.03928360715508461,0.1878427267074585,0.029795126989483833,-0.13204531371593475,-0.10053055733442307,0.10188813507556915,-0.1721043586730957,-0.015945348888635635,0.1105947494506836,-0.14129585027694702,-0.2128296196460724,-0.23377087712287903,0.04092246666550636,0.3662140965461731,0.15607117116451263,-0.22324393689632416,0.00906684435904026,-0.03532520681619644,0.006034073885530233,0.044756535440683365,0.027890644967556,-0.0944165587425232,-0.005465703085064888,-0.18919749557971954,0.054367292672395706,0.1503172665834427,-0.06472869217395782,-0.026101546362042427,0.1624227613210678,0.056367844343185425,0.025108739733695984,0.04494469240307808,0.02977309748530388,-0.05327507108449936,-0.007019191514700651,-0.15500010550022125,0.04353097081184387,0.024333402514457703,-0.13411778211593628,0.04010302945971489,0.12141113728284836,-0.11868685483932495,0.1292160600423813,0.03193141520023346,-0.10229333490133286,-0.12095476686954498,-0.12044519186019897,-0.12247025966644287,-0.009430834092199802,0.1326654851436615,-0.28562259674072266,0.1857159435749054,0.17782890796661377,-0.04405970871448517,0.13986624777317047,-0.07081196457147598,0.0067551108077168465,-0.020172126591205597,-0.035846345126628876,-0.051725562661886215,-0.07132824510335922,0.0660577118396759,-0.045060817152261734,0.06438248604536057,-0.04216896370053291]]}
```
response:
```json
{"matches": [[1, 0, 0, 0, 0], [0, 1, 0, 0, 0], [0, 0, 1, 0, 0], [0, 0, 0, 1, 0], [0, 0, 0, 0, 1]], "resemblances": [[0.0, 0.6457456491551962, 0.9275921983461031, 0.9167193218926112, 0.9328329669194393], [0.6457456491551962, 0.0, 0.8802677103194876, 0.9603770152082665, 0.9044545357942531], [0.9275921983461031, 0.8802677103194876, 0.0, 0.7357688469223667, 0.818038841388477], [0.9167193218926112, 0.9603770152082665, 0.7357688469223667, 0.0, 0.8476049245628527], [0.9328329669194393, 0.9044545357942531, 0.818038841388477, 0.8476049245628527, 0.0]]}
```

 locations = []
            for x in faceLocations:
                locations.append([x[2], x[1], x[0], x[3]])